name: CheckV_v1.0.3
channels:
  - bioconda
  - conda-forge
  - defaults
dependencies:
  - _libgcc_mutex=0.1=conda_forge
  - _openmp_mutex=4.5=2_gnu
  - biopython=1.84=py310hc51659f_0
  - blast=2.16.0=hc155240_2
  - brotli-python=1.1.0=py310hc6cd4ac_1
  - bzip2=1.0.8=h4bc722e_7
  - c-ares=1.33.1=heb4867d_0
  - ca-certificates=2024.7.4=hbcca054_0
  - certifi=2024.7.4=pyhd8ed1ab_0
  - cffi=1.17.0=py310h2fdcea3_0
  - charset-normalizer=3.3.2=pyhd8ed1ab_0
  - checkv=1.0.3=pyhdfd78af_0
  - curl=8.8.0=he654da7_1
  - diamond=2.1.8=h43eeafb_0
  - entrez-direct=22.4=he881be0_0
  - gettext=0.22.5=he02047a_3
  - gettext-tools=0.22.5=he02047a_3
  - h2=4.1.0=pyhd8ed1ab_0
  - hmmer=3.4=hdbdd923_2
  - hpack=4.0.0=pyh9f0ad1d_0
  - hyperframe=6.0.1=pyhd8ed1ab_0
  - idna=3.8=pyhd8ed1ab_0
  - importlib-metadata=8.4.0=pyha770c72_0
  - kcounter=0.1.1=py310h4b81fae_4
  - keyutils=1.6.1=h166bdaf_0
  - krb5=1.21.3=h659f571_0
  - ld_impl_linux-64=2.40=hf3520f5_7
  - libasprintf=0.22.5=he8f35ee_3
  - libasprintf-devel=0.22.5=he8f35ee_3
  - libblas=3.9.0=23_linux64_openblas
  - libcblas=3.9.0=23_linux64_openblas
  - libcurl=8.8.0=hca28451_1
  - libedit=3.1.20191231=he28a2e2_2
  - libev=4.33=hd590300_2
  - libffi=3.4.2=h7f98852_5
  - libgcc=14.1.0=h77fa898_1
  - libgcc-ng=14.1.0=h69a702a_1
  - libgettextpo=0.22.5=he02047a_3
  - libgettextpo-devel=0.22.5=he02047a_3
  - libgfortran=14.1.0=h69a702a_1
  - libgfortran-ng=14.1.0=h69a702a_1
  - libgfortran5=14.1.0=hc5f4f2c_1
  - libgomp=14.1.0=h77fa898_1
  - libidn2=2.3.7=hd590300_0
  - liblapack=3.9.0=23_linux64_openblas
  - libnghttp2=1.58.0=h47da74e_1
  - libnsl=2.0.1=hd590300_0
  - libopenblas=0.3.27=pthreads_hac2b453_1
  - libsqlite=3.46.0=hde9e2c9_0
  - libssh2=1.11.0=h0841786_0
  - libstdcxx=14.1.0=hc0a3c3a_1
  - libstdcxx-ng=14.1.0=h4852527_1
  - libunistring=0.9.10=h7f98852_0
  - libuuid=2.38.1=h0b41bf4_0
  - libxcrypt=4.4.36=hd590300_1
  - libzlib=1.2.13=h4ab18f5_6
  - ncbi-vdb=3.1.1=h4ac6f70_1
  - ncurses=6.5=he02047a_1
  - numpy=2.1.0=py310hf9f9071_0
  - openssl=3.3.1=hb9d3cd8_3
  - perl=5.32.1=7_hd590300_perl5
  - perl-archive-tar=2.40=pl5321hdfd78af_0
  - perl-carp=1.50=pl5321hd8ed1ab_0
  - perl-common-sense=3.75=pl5321hd8ed1ab_0
  - perl-compress-raw-bzip2=2.201=pl5321h166bdaf_0
  - perl-compress-raw-zlib=2.202=pl5321h166bdaf_0
  - perl-encode=3.21=pl5321hd590300_0
  - perl-exporter=5.74=pl5321hd8ed1ab_0
  - perl-exporter-tiny=1.002002=pl5321hd8ed1ab_0
  - perl-extutils-makemaker=7.70=pl5321hd8ed1ab_0
  - perl-io-compress=2.201=pl5321hdbdd923_2
  - perl-io-zlib=1.14=pl5321hdfd78af_0
  - perl-json=4.10=pl5321hdfd78af_1
  - perl-json-xs=4.03=pl5321h4ac6f70_3
  - perl-list-moreutils=0.430=pl5321hdfd78af_0
  - perl-list-moreutils-xs=0.430=pl5321h031d066_2
  - perl-parent=0.241=pl5321hd8ed1ab_0
  - perl-pathtools=3.75=pl5321h166bdaf_0
  - perl-scalar-list-utils=1.63=pl5321h166bdaf_0
  - perl-storable=3.15=pl5321h166bdaf_0
  - perl-types-serialiser=1.01=pl5321hdfd78af_0
  - pip=24.2=pyhd8ed1ab_0
  - prodigal-gv=2.11.0=he4a0461_2
  - psutil=6.0.0=py310hc51659f_0
  - pycparser=2.22=pyhd8ed1ab_0
  - pysocks=1.7.1=pyha2e5f31_6
  - python=3.10.14=hd12c33a_0_cpython
  - python_abi=3.10=5_cp310
  - readline=8.2=h8228510_1
  - requests=2.32.3=pyhd8ed1ab_0
  - rpsbproc=0.5.0=h6a68c12_0
  - setuptools=72.2.0=pyhd8ed1ab_0
  - tk=8.6.13=noxft_h4845f30_101
  - tzdata=2024a=h8827d51_1
  - urllib3=2.2.2=pyhd8ed1ab_1
  - wget=1.21.4=hda4d442_0
  - wheel=0.44.0=pyhd8ed1ab_0
  - xz=5.2.6=h166bdaf_0
  - zipp=3.20.1=pyhd8ed1ab_0
  - zlib=1.2.13=h4ab18f5_6
  - zstandard=0.23.0=py310h64cae3c_0
  - zstd=1.5.6=ha6fb4c9_0
prefix: /data/home/chungm6/.conda/envs/CheckV_v1.0.3
